[gd_scene load_steps=32 format=2]

[ext_resource path="res://characters/sonic.tscn" type="PackedScene" id=1]
[ext_resource path="res://scripts/env/road_gen.gd" type="Script" id=2]
[ext_resource path="res://icon.png" type="Texture" id=3]
[ext_resource path="res://assets/models-export/env/road-template-basin1.mesh" type="ArrayMesh" id=4]
[ext_resource path="res://scripts/entities/checkpoint.gd" type="Script" id=5]
[ext_resource path="res://assets/models-export/Base.material" type="Material" id=6]
[ext_resource path="res://assets/models-export/env/ADV_MR00_material_15.material" type="Material" id=7]
[ext_resource path="res://characters/badniks/motorbike.tscn" type="PackedScene" id=8]
[ext_resource path="res://entities/spikes.tscn" type="PackedScene" id=9]
[ext_resource path="res://entities/spring.tscn" type="PackedScene" id=10]
[ext_resource path="res://assets/models-export/env/template_tunnel_small.tres" type="ArrayMesh" id=11]
[ext_resource path="res://characters/badniks/hovercraft.tscn" type="PackedScene" id=12]

[sub_resource type="SphereShape" id=7]
radius = 22.2796

[sub_resource type="Curve3D" id=1]
_data = {
"points": PoolVector3Array( 0, 0, 0, 0, 0, 0, -0.0575361, -303.906, -66.5, 0.0251057, -0.0112504, -39.7874, -0.0251057, 0.0112504, 39.7874, 0, -1, -0.2, 3.2124, -62.2375, -39.543, -3.2124, 62.2375, 39.543, 0.199951, 6.76735, 339.961, 37.6989, -24.6033, 53.4974, -37.6989, 24.6033, -53.4974, -26.2501, 140.596, 307 ),
"tilts": PoolRealArray( 0, 0, 0, 0 )
}

[sub_resource type="SpatialMaterial" id=2]
albedo_texture = ExtResource( 3 )

[sub_resource type="CubeMesh" id=5]
size = Vector3( 40, 25, 2 )

[sub_resource type="BoxShape" id=6]
extents = Vector3( 20, 12.5, 1 )

[sub_resource type="CubeMesh" id=3]
size = Vector3( 16, 10, 1 )

[sub_resource type="ConvexPolygonShape" id=4]
points = PoolVector3Array( -8, 5, 0.5, 8, 5, -0.5, 8, 5, 0.5, -8, 5, -0.5, -8, -5, 0.5, 8, -5, -0.5, 8, -5, 0.5, -8, -5, -0.5, 8, 5, 0.5, -8, 5, -0.5, 8, 5, -0.5, -8, 5, 0.5, 8, -5, 0.5, -8, -5, -0.5, 8, -5, -0.5, -8, -5, 0.5, 8, 5, 0.5, -8, -5, 0.5, -8, 5, 0.5, 8, -5, 0.5, 8, 5, -0.5, -8, -5, -0.5, -8, 5, -0.5, 8, -5, -0.5 )

[sub_resource type="Curve3D" id=10]
_data = {
"points": PoolVector3Array( 478.059, -14.0647, 13.9857, -478.059, 14.0647, -13.9857, -27.2475, -9.92003, 23.1111, 475.94, 49.6841, -93.235, -475.94, -49.6841, 93.235, -1096.45, 109.145, 180.786, 236.813, -111.279, -86.1244, -236.813, 111.279, 86.1244, -2368.46, 200.559, 640.553 ),
"tilts": PoolRealArray( 0, 0, 0 )
}

[sub_resource type="Curve3D" id=12]
_data = {
"points": PoolVector3Array( 62.4758, -28.8055, -18.8993, -62.4758, 28.8055, 18.8993, 12.6594, 1.8183, -6.5885, -26.1348, 4.52859, 29.8912, 26.1348, -4.52859, -29.8912, 1.0957, 77.1728, -11.2672, 48.4836, 47.0128, -38.0546, -48.4836, -47.0128, 38.0546, -9.94727, -19.4981, -24.8855, -87.6531, -36.7659, -200.403, 87.6531, 36.7659, 200.403, 8.04102, -36.0667, 301.882 ),
"tilts": PoolRealArray( 0, 0, 0, 0 )
}

[sub_resource type="Curve3D" id=8]
_data = {
"points": PoolVector3Array( 458.248, -8.54382, 295.498, -458.248, 8.54382, -295.498, -1.461, 1.26537, 0.948708, 183.661, 43.0155, -214.726, -183.661, -43.0155, 214.726, -1110.4, 40.5832, 177.406, -3.33667, -63.2671, -3.5509, 3.33667, 63.2671, 3.5509, -1480.27, 42.8761, 521.888 ),
"tilts": PoolRealArray( 0, 0, 0 )
}

[sub_resource type="SphereShape" id=9]
radius = 16.9287

[sub_resource type="Curve3D" id=13]
_data = {
"points": PoolVector3Array( 41.4252, 9.3779, -135.249, -41.4252, -9.3779, 135.249, 122.27, -2.66649, -28.0153, 124.328, -22.468, -102.986, -124.328, 22.468, 102.986, -82.9995, 1.1389, 325.331, 123.355, 17.2657, -51.739, -123.355, -17.2657, 51.739, -331.527, -5.26021, 476.951, 48.4395, -1.00027, -4.73572, -48.4395, 1.00027, 4.73572, -701.435, 4.35004, 564.795, 45.6704, 3.74765, 5.84045, -45.6704, -3.74765, -5.84045, -937.309, -290.786, 669.42, 0, 0, 0, 0, 0, 0, -1171.23, -306.926, 639.073 ),
"tilts": PoolRealArray( 0, 0, 0, 0, 0, 0 )
}

[sub_resource type="CubeMesh" id=15]
size = Vector3( 40, 40, 2 )

[sub_resource type="BoxShape" id=16]
extents = Vector3( 20, 20, 1 )

[sub_resource type="Curve3D" id=14]
_data = {
"points": PoolVector3Array( 13.3867, -28.6322, -17.9319, -13.3867, 28.6322, 17.9319, 161.696, -48.0793, -70.217, -0.408081, -12.0006, -50.4388, 0.408081, 12.0006, 50.4388, 108.013, -70.9249, 37.5667, 0, 0, 0, 0, 0, 0, 14.7532, -56.467, 140.344 ),
"tilts": PoolRealArray( 0, 0, 0 )
}

[sub_resource type="Curve3D" id=17]
_data = {
"points": PoolVector3Array( 24.4132, 3.51411, -103.415, -24.4132, -3.51411, 103.415, 4.55164, -0.445938, 4.34827, 115.926, -21.5684, -91.0037, -115.926, 21.5684, 91.0037, -124.547, -60.6145, 289.232, 76.3352, -2.6528, -363.054, -76.3352, 2.6528, 363.054, -486.333, -122.522, 996.978 ),
"tilts": PoolRealArray( 0, 0, 0 )
}

[sub_resource type="CubeMesh" id=18]
size = Vector3( 12, 35, 2 )

[sub_resource type="BoxShape" id=19]
extents = Vector3( 6, 17.5, 1 )

[sub_resource type="Curve3D" id=11]
_data = {
"points": PoolVector3Array( 0, 0, 0, 0, 0, 0, -375.921, 132.516, 136.482, 0, 0, 0, 0, 0, 0, -354.662, 123.211, 140.534, 0, 0, 0, 0, 0, 0, -338.967, 120.891, 134.924, 0, 0, 0, 0, 0, 0, -355.164, 122.933, 129.89 ),
"tilts": PoolRealArray( 0, 0, 0, 0 )
}

[node name="canals_act1" type="Spatial"]

[node name="sonic" parent="." instance=ExtResource( 1 )]
transform = Transform( 1, 0, 0, 0, 1, 0, 0, 0, 1, 0.027, 0, 0 )

[node name="DirectionalLight" type="DirectionalLight" parent="."]
transform = Transform( 1, 0, 0, 0, -0.422618, 0.906308, 0, -0.906308, -0.422618, 0, 6.55378, 0 )
light_energy = 0.5
shadow_enabled = true

[node name="Area" type="Area" parent="."]
transform = Transform( -0.503608, 0, -0.863932, 0, 1, 0, 0.863932, 0, -0.503608, -36.1685, 125.858, 215.582 )
collision_layer = 2
collision_mask = 2
script = ExtResource( 5 )

[node name="CollisionShape" type="CollisionShape" parent="Area"]
transform = Transform( 1, 0, 0, 0, 1, 0, 0, 0, 1, 0.0733795, 0, -1.77702 )
shape = SubResource( 7 )

[node name="env" type="Spatial" parent="."]

[node name="AutoRoad" type="Path" parent="env"]
curve = SubResource( 1 )
script = ExtResource( 2 )
stay_vertical = false
angle_tolerance = 2.0
template_mesh = ExtResource( 4 )
material = SubResource( 2 )
uv_scale = 25.0

[node name="CSGCylinder" type="CSGCylinder" parent="env"]
transform = Transform( 1, 0, 0, 0, 1, 0, 0, 0, 1, -35.5759, 104.185, 213.013 )
use_collision = true
radius = 25.7716
height = 41.8
sides = 16

[node name="CSGCylinder" type="CSGCylinder" parent="env/CSGCylinder"]
transform = Transform( 0.953254, 0, 0.30217, 0, 1, 0, -0.30217, 0, 0.953254, 0, -113.8, 0 )
radius = 6.9
height = 213.0
sides = 16

[node name="CSGCylinder2" type="CSGCylinder" parent="env"]
transform = Transform( 1, 0, 0, 0, 1, 0, 0, 0, 1, -229.401, 74.9034, 91.633 )
use_collision = true
radius = 31.397
height = 21.9311
sides = 16

[node name="CSGCylinder2" type="CSGCylinder" parent="env/CSGCylinder2"]
transform = Transform( 0.953254, 0, 0.30217, 0, 1, 0, -0.30217, 0, 0.953254, 0, -96.607, 0 )
radius = 6.9
height = 213.0
sides = 16

[node name="CSGCylinder" type="CSGSphere" parent="env/CSGCylinder2"]
transform = Transform( 1, 0, 0, 0, 1, 0, 0, 0, 1, 0, 20.4434, 0 )
operation = 2
radius = 30.4206

[node name="CSGCylinder3" type="CSGCylinder" parent="env"]
transform = Transform( 1, 0, 0, 0, 1, 0, 0, 0, 1, -89.6712, 111.809, 111.022 )
use_collision = true
radius = 25.7716
height = 41.8
sides = 16

[node name="CSGCylinder" type="CSGCylinder" parent="env/CSGCylinder3"]
transform = Transform( 0.953254, 0, 0.30217, 0, 1, 0, -0.30217, 0, 0.953254, 0, -126.406, 0 )
radius = 6.9
height = 213.0
sides = 16

[node name="Bilboard" type="MeshInstance" parent="env"]
transform = Transform( 0.835395, 0, -0.54965, -0.0971552, 0.984254, -0.147663, 0.540995, 0.176758, 0.822241, -145.773, 114.453, 213.322 )
mesh = SubResource( 5 )
material/0 = null

[node name="StaticBody" type="StaticBody" parent="env/Bilboard"]

[node name="CollisionShape" type="CollisionShape" parent="env/Bilboard/StaticBody"]
shape = SubResource( 6 )

[node name="Bilboard2" type="MeshInstance" parent="env"]
transform = Transform( 0.963233, 0, 0.268668, 0, 1, 0, -0.268668, 0, 0.963233, -41.4467, 128.83, 192.83 )
mesh = SubResource( 3 )
material/0 = null

[node name="StaticBody" type="StaticBody" parent="env/Bilboard2"]

[node name="CollisionShape" type="CollisionShape" parent="env/Bilboard2/StaticBody"]
shape = SubResource( 4 )

[node name="Tube" type="Path" parent="env"]
transform = Transform( 1, 0, 0, 0, 1, 0, 0, 0, 1, -277.938, 138.841, 112.947 )
curve = SubResource( 10 )
script = ExtResource( 2 )
stay_vertical = false
angle_tolerance = 1.0
template_mesh = ExtResource( 11 )
material = ExtResource( 7 )
uv_scale = 30.0
template_transform = Transform( 2, 0, 0, 0, 2, 0, 0, 0, 2, 0, 0, 0 )

[node name="AutoRoad" type="Path" parent="env/Tube"]
transform = Transform( 1, 0, 0, 0, 1, 0, 0, 0, 1, -2384.28, 190.375, 648.247 )
curve = SubResource( 12 )
script = ExtResource( 2 )
stay_vertical = false
angle_tolerance = 2.0
template_mesh = ExtResource( 4 )
template_transform = Transform( 0.75, 0, 0, 0, 0.75, 0, 0, 0, 0.75, 0, 0, 0 )

[node name="AutoRoad2" type="Path" parent="env"]
transform = Transform( 1, 0, 0, 0, 1, 0, 0, 0, 1, -277.938, 90.3694, 56.7672 )
curve = SubResource( 8 )
script = ExtResource( 2 )
stay_vertical = false
angle_tolerance = 2.0
template_mesh = ExtResource( 4 )
material = ExtResource( 6 )
uv_scale = 25.0

[node name="Checkpoint" type="Area" parent="env/AutoRoad2"]
transform = Transform( -0.384811, 0, -0.922995, 0, 1, 0, 0.922995, 0, -0.384811, -75.1266, 7.27742, -41.459 )
script = ExtResource( 5 )

[node name="CollisionShape" type="CollisionShape" parent="env/AutoRoad2/Checkpoint"]
transform = Transform( 1, 0, 0, 0, 1, 0, 0, 0, 1, 0, 4.46662, 0 )
shape = SubResource( 9 )

[node name="spring" parent="env/AutoRoad2" instance=ExtResource( 10 )]
transform = Transform( -0.0625802, 0.915777, -0.396782, -0.997675, -0.0466511, 0.0496814, 0.0269868, 0.398969, 0.916568, -236.753, 12.3305, -112.01 )
reflection = 1.5

[node name="spikes" parent="env/AutoRoad2" instance=ExtResource( 9 )]
transform = Transform( -3.81175e-08, 0.872027, 0.489459, -1, -4.37114e-08, 0, 2.13949e-08, -0.489459, 0.872027, -796.255, 51.3504, -73.9209 )

[node name="spikes2" parent="env/AutoRoad2" instance=ExtResource( 9 )]
transform = Transform( -0.0501065, 0.831004, 0.554005, -0.995935, -4.35337e-08, -0.0900764, -0.0748538, -0.556267, 0.827626, -870.985, 55.2277, -9.77259 )

[node name="spikes3" parent="env/AutoRoad2" instance=ExtResource( 9 )]
transform = Transform( -0.0381933, 0.884048, 0.465833, -0.998063, -0.0108368, -0.0612646, -0.0491127, -0.467271, 0.882749, -931.389, 56.9341, 15.444 )

[node name="spikes4" parent="env/AutoRoad2" instance=ExtResource( 9 )]
transform = Transform( -0.0535593, 0.824518, 0.563295, -0.996539, -0.00822536, -0.0827133, -0.0635653, -0.565776, 0.822105, -967.606, 56.3222, 54.8764 )

[node name="spikes5" parent="env/AutoRoad2" instance=ExtResource( 9 )]
transform = Transform( -0.0481606, 0.735317, 0.67601, -0.997472, -4.36009e-08, -0.0710622, -0.0522532, -0.677723, 0.733458, -993.533, 56.6196, 57.2211 )

[node name="spikes6" parent="env/AutoRoad2" instance=ExtResource( 9 )]
transform = Transform( -0.0218553, 0.735317, 0.677371, -0.99948, -4.36887e-08, -0.0322481, -0.0237125, -0.677723, 0.734935, -1000.81, 55.1965, 77.6198 )

[node name="spikes7" parent="env/AutoRoad2" instance=ExtResource( 9 )]
transform = Transform( -0.0043293, 0.764723, 0.644345, -0.99718, 0.0449775, -0.0600803, -0.0749258, -0.642788, 0.762371, -1022.29, 55.8897, 81.7739 )

[node name="spikes8" parent="env/AutoRoad2/spikes7" instance=ExtResource( 9 )]
transform = Transform( 1, 2.13163e-14, 0, 0, 1, 0, 0, 0, 1, 0, 0, 4 )

[node name="spikes9" parent="env/AutoRoad2/spikes7" instance=ExtResource( 9 )]
transform = Transform( 1, 2.13163e-14, 0, 0, 1, 0, 0, 0, 1, 0, 0, 8 )

[node name="spikes10" parent="env/AutoRoad2/spikes7" instance=ExtResource( 9 )]
transform = Transform( 1, 2.13163e-14, 0, 0, 1, 0, 0, 0, 1, 0, 0, 12 )

[node name="spikes11" parent="env/AutoRoad2/spikes7" instance=ExtResource( 9 )]
transform = Transform( 1, 2.13163e-14, 0, 0, 1, 0, 0, 0, 1, 0, 0, 16 )

[node name="spikes9" parent="env/AutoRoad2" instance=ExtResource( 9 )]
transform = Transform( 3.13839e-08, -0.71798, -0.696063, -0.994907, -0.0701603, 0.0723694, -0.100796, 0.692518, -0.714324, -1100.3, 43.5697, 176.745 )

[node name="spikes10" parent="env/AutoRoad2" instance=ExtResource( 9 )]
transform = Transform( 3.13839e-08, -0.71798, -0.696063, -0.995517, -0.0658319, 0.0679048, -0.0945775, 0.692943, -0.714762, -1107.69, 44.0356, 168.865 )

[node name="spring2" parent="env/AutoRoad2" instance=ExtResource( 10 )]
transform = Transform( 0.974017, 0.226363, 0.0071349, 0.00705078, -0.0617975, 0.998064, 0.226365, -0.972081, -0.0617879, -1110.11, 42.2629, 180.134 )
power = 50.0

[node name="spring3" parent="env/AutoRoad2" instance=ExtResource( 10 )]
transform = Transform( 0.974017, 0.226363, 0.0071349, 0.00705078, -0.0617975, 0.998064, 0.226365, -0.972081, -0.0617879, -1111.12, 42.2533, 179.897 )
power = 50.0

[node name="AutoRoad" type="Path" parent="env/AutoRoad2"]
transform = Transform( 1, 0, 0, 0, 1, 0, 0, 0, 1, -1634.38, 190.209, 596.857 )
curve = SubResource( 13 )
script = ExtResource( 2 )
stay_vertical = false
template_mesh = ExtResource( 4 )

[node name="MeshInstance" type="MeshInstance" parent="env/AutoRoad2/AutoRoad"]
transform = Transform( 0.989799, 0.0529805, 0.132256, -0.0129336, 0.957868, -0.286919, -0.141885, 0.282281, 0.948781, -667.14, 23.131, 580.351 )
mesh = SubResource( 15 )
material/0 = null

[node name="StaticBody" type="StaticBody" parent="env/AutoRoad2/AutoRoad/MeshInstance"]

[node name="CollisionShape" type="CollisionShape" parent="env/AutoRoad2/AutoRoad/MeshInstance/StaticBody"]
shape = SubResource( 16 )

[node name="Pipe2" type="Path" parent="env/AutoRoad2"]
transform = Transform( 1, 0, 0, 0, 1, 0, 0, 0, 1, -1634.38, 92.905, 596.857 )
curve = SubResource( 14 )
script = ExtResource( 2 )
stay_vertical = false
template_mesh = ExtResource( 11 )

[node name="hovercraft" parent="env/AutoRoad2/Pipe2" instance=ExtResource( 12 )]
transform = Transform( -0.907345, 0, 0.420387, 0, 1, 0, -0.420387, 0, -0.907345, 128.342, -53.4693, -26.7145 )

[node name="AutoRoad" type="Path" parent="env/AutoRoad2/Pipe2"]
transform = Transform( 0.808504, 0, -0.588491, 0, 1, 0, 0.588491, 0, 0.808504, 22.3136, -61.2925, 127.248 )
curve = SubResource( 17 )
script = ExtResource( 2 )
stay_vertical = false
template_mesh = ExtResource( 4 )
template_transform = Transform( -1, 0, 0, 0, -1, 0, 0, 0, 1, 0, 0, 0 )

[node name="MeshInstance" type="MeshInstance" parent="env/AutoRoad2/Pipe2/AutoRoad"]
transform = Transform( 0.700012, 0, -0.71413, 0, 1, 0, 0.71413, 0, 0.700012, -182.575, -43.3493, 328.2 )
mesh = SubResource( 18 )
material/0 = null

[node name="StaticBody" type="StaticBody" parent="env/AutoRoad2/Pipe2/AutoRoad/MeshInstance"]

[node name="CollisionShape" type="CollisionShape" parent="env/AutoRoad2/Pipe2/AutoRoad/MeshInstance/StaticBody"]
transform = Transform( 1, 0, 0, 0, 1, 0, 0, 0, 1, 0, 0, 0 )
shape = SubResource( 19 )

[node name="MeshInstance2" type="MeshInstance" parent="env/AutoRoad2/Pipe2/AutoRoad"]
transform = Transform( 0.95608, 0, -0.293106, 0, 1, 0, 0.293106, 0, 0.95608, -367.713, -84.9988, 651.87 )
mesh = SubResource( 18 )
material/0 = null

[node name="StaticBody" type="StaticBody" parent="env/AutoRoad2/Pipe2/AutoRoad/MeshInstance2"]

[node name="CollisionShape" type="CollisionShape" parent="env/AutoRoad2/Pipe2/AutoRoad/MeshInstance2/StaticBody"]
transform = Transform( 1, 0, 0, 0, 1, 0, 0, 0, 1, 0, 0, 0 )
shape = SubResource( 19 )

[node name="motorbike" parent="." instance=ExtResource( 8 )]
transform = Transform( 0.103452, 0, -0.994634, 0, 1, 0, 0.994634, 0, 0.103452, -356.022, 122.969, 135.503 )
pathNode = NodePath("../Path")

[node name="Path" type="Path" parent="."]
transform = Transform( 1, 0, 0, 0, 1, 0, 0, 0, 1, -30.9048, 3.03614, 0 )
curve = SubResource( 11 )
