[gd_scene load_steps=19 format=2]

[ext_resource path="res://scenes/components/act2_test.tscn" type="PackedScene" id=1]
[ext_resource path="res://scenes/transition_wpact12.tscn" type="PackedScene" id=2]
[ext_resource path="res://characters/sonic.tscn" type="PackedScene" id=3]
[ext_resource path="res://characters/badniks/motorbike.tscn" type="PackedScene" id=4]
[ext_resource path="res://characters/badniks/hovercraft.tscn" type="PackedScene" id=5]
[ext_resource path="res://scripts/env/scene_properties.gd" type="Script" id=6]
[ext_resource path="res://entities/spikes.tscn" type="PackedScene" id=7]
[ext_resource path="res://scripts/env/road_gen.gd" type="Script" id=8]
[ext_resource path="res://assets/models-export/env/canals/Circle.mesh" type="ArrayMesh" id=9]
[ext_resource path="res://assets/models-export/env/template_tunnel_small.tres" type="ArrayMesh" id=10]

[sub_resource type="BoxShape" id=1]
extents = Vector3( 1368.89, 518.357, 1785.62 )

[sub_resource type="Curve3D" id=2]
_data = {
"points": PoolVector3Array( -81.8665, -4.03549, -6.68057, 81.8665, 4.03549, 6.68057, -3.40527, -15.045, -25.1705, 0, 0, 0, 0, 0, 0, 97.6636, -58.7935, -24.2445 ),
"tilts": PoolRealArray( 0, 0 )
}

[sub_resource type="Curve3D" id=8]
_data = {
"points": PoolVector3Array( -25.5215, -4.58252, -5.89471, 25.5215, 4.58252, 5.89471, 2.78186, -2.62573, 1.51585, 0, 0, 0, 0, 0, 0, 66.0676, -28.0382, 19.9647, 0.480591, 1.60364, -0.0372925, -0.480591, -1.60364, 0.0372925, 53.7264, -62.8512, 42.6595, 0, 0, 0, 0, 0, 0, 51.48, -91.8128, 16.7 ),
"tilts": PoolRealArray( 0, 0, 0, 0 )
}

[sub_resource type="Curve3D" id=3]
_data = {
"points": PoolVector3Array( -38.4504, -1.12769, -3.55575, 38.4504, 1.12769, 3.55575, -19.3179, -34.4644, 106.053, -0.767822, -0.632782, 42.5538, 0.767822, 0.632782, -42.5538, -8.23364, -41.3146, 5.65354, -0.675537, -0.678528, 47.4187, 0.675537, 0.678528, -47.4187, -3.94653, -64.393, -75.8346 ),
"tilts": PoolRealArray( 0, 0, 0 )
}

[sub_resource type="PrismMesh" id=4]
size = Vector3( 20, 20, 900 )

[sub_resource type="ConcavePolygonShape" id=5]
data = PoolVector3Array( 0, 10, 450, 10, -10, 450, -10, -10, 450, 0, 10, -450, -10, -10, -450, 10, -10, -450, 0, 10, 450, 0, 10, -450, 10, -10, 450, 0, 10, -450, 10, -10, -450, 10, -10, 450, 0, 10, -450, 0, 10, 450, -10, -10, -450, 0, 10, 450, -10, -10, 450, -10, -10, -450, -10, -10, 450, 10, -10, 450, -10, -10, -450, 10, -10, 450, 10, -10, -450, -10, -10, -450 )

[sub_resource type="CubeMesh" id=6]
size = Vector3( 350, 200, 890 )

[sub_resource type="BoxShape" id=7]
extents = Vector3( 175, 100, 445 )

[node name="wpact2" type="Spatial"]
transform = Transform( 1, 0, 0, 0, 1, 0, 0, 0, 1, 0, 421.238, 0 )
script = ExtResource( 6 )
zone_name = "Water Processing Zone"
act = 2

[node name="player_spawn" parent="." instance=ExtResource( 2 )]
transform = Transform( -4.37114e-08, 0, -1, 0, 1, 0, 1, 0, -4.37114e-08, 421.108, -423.91, -13.7377 )

[node name="act2_test" parent="." instance=ExtResource( 1 )]

[node name="sonic" parent="." instance=ExtResource( 3 )]
transform = Transform( -4.37114e-08, 0, -1, 0, 1, 0, 1, 0, -4.37114e-08, 38.3904, -43.9878, -11.0628 )

[node name="DirectionalLight" type="DirectionalLight" parent="."]
transform = Transform( 1, 0, 0, 0, -0.844739, 0.535178, 0, -0.535178, -0.844739, 0, 0, 0 )
light_color = Color( 1, 0.929412, 0.87451, 1 )
light_energy = 0.5
shadow_enabled = true

[node name="motorbike" parent="." instance=ExtResource( 4 )]
transform = Transform( -4.37114e-08, 0, 1, 0, 1, 0, -1, 0, -4.37114e-08, -452.806, -19.8725, -145.362 )

[node name="spikes" parent="." instance=ExtResource( 7 )]
transform = Transform( -0.00352819, 0.430353, -0.902654, -0.996355, 0.075418, 0.0398511, 0.0852264, 0.899504, 0.428519, -2211.87, -20.7737, -163.69 )

[node name="spikes4" parent="spikes" instance=ExtResource( 7 )]
transform = Transform( 1, 0, 0, 2.23517e-08, 1, 0, 7.45058e-09, 0, 1, 4.0282, 0, 0 )

[node name="spikes2" parent="spikes/spikes4" instance=ExtResource( 7 )]
transform = Transform( 1, 0, 0, 2.23517e-08, 1, 0, 7.45058e-09, 0, 1, 0, 6.10352e-05, 3.84473 )

[node name="spikes3" parent="spikes/spikes4" instance=ExtResource( 7 )]
transform = Transform( 1, 0, 0, 4.47035e-08, 1, 0, 1.49012e-08, 0, 1, -6.10352e-05, 0.00012207, 7.69666 )

[node name="spikes5" parent="spikes" instance=ExtResource( 7 )]
transform = Transform( 1, 0, 0, 5.96046e-08, 1, 0, 1.86265e-08, 0, 1, 7.88397, 0, 0.000488281 )

[node name="spikes2" parent="spikes/spikes5" instance=ExtResource( 7 )]
transform = Transform( 1, 0, 0, 2.23517e-08, 1, 0, 7.45058e-09, 0, 1, 0, 6.10352e-05, 3.84473 )

[node name="spikes3" parent="spikes/spikes5" instance=ExtResource( 7 )]
transform = Transform( 1, 0, 0, 4.47035e-08, 1, 0, 1.49012e-08, 0, 1, -6.10352e-05, 0.00012207, 7.69666 )

[node name="spikes2" parent="spikes" instance=ExtResource( 7 )]
transform = Transform( 1, 0, 0, 2.23517e-08, 1, 0, 7.45058e-09, 0, 1, 0, 6.10352e-05, 3.84473 )

[node name="spikes3" parent="spikes" instance=ExtResource( 7 )]
transform = Transform( 1, 0, 0, 4.47035e-08, 1, 0, 1.49012e-08, 0, 1, -6.10352e-05, 0.00012207, 7.69666 )

[node name="spikes6" parent="spikes" instance=ExtResource( 7 )]
transform = Transform( 1, 7.45058e-09, 3.72529e-09, -7.45058e-09, 1, -2.98023e-08, 3.72529e-09, 0, 1, -3.05176e-05, 0, -11.6781 )

[node name="spikes4" parent="spikes/spikes6" instance=ExtResource( 7 )]
transform = Transform( 1, 0, 0, 2.23517e-08, 1, 0, 7.45058e-09, 0, 1, 4.0282, 0, 0 )

[node name="spikes2" parent="spikes/spikes6/spikes4" instance=ExtResource( 7 )]
transform = Transform( 1, 0, 0, 2.23517e-08, 1, 0, 7.45058e-09, 0, 1, 0, 6.10352e-05, 3.84473 )

[node name="spikes3" parent="spikes/spikes6/spikes4" instance=ExtResource( 7 )]
transform = Transform( 1, 0, 0, 4.47035e-08, 1, 0, 1.49012e-08, 0, 1, -6.10352e-05, 0.00012207, 7.69666 )

[node name="spikes5" parent="spikes/spikes6" instance=ExtResource( 7 )]
transform = Transform( 1, 0, 0, 5.96046e-08, 1, 0, 1.86265e-08, 0, 1, 7.88397, 0, 0.000488281 )

[node name="spikes2" parent="spikes/spikes6/spikes5" instance=ExtResource( 7 )]
transform = Transform( 1, 0, 0, 2.23517e-08, 1, 0, 7.45058e-09, 0, 1, 0, 6.10352e-05, 3.84473 )

[node name="spikes3" parent="spikes/spikes6/spikes5" instance=ExtResource( 7 )]
transform = Transform( 1, 0, 0, 4.47035e-08, 1, 0, 1.49012e-08, 0, 1, -6.10352e-05, 0.00012207, 7.69666 )

[node name="spikes2" parent="spikes/spikes6" instance=ExtResource( 7 )]
transform = Transform( 1, 0, 0, 2.23517e-08, 1, 0, 7.45058e-09, 0, 1, 0, 6.10352e-05, 3.84473 )

[node name="spikes3" parent="spikes/spikes6" instance=ExtResource( 7 )]
transform = Transform( 1, 0, 0, 4.47035e-08, 1, 0, 1.49012e-08, 0, 1, -6.10352e-05, 0.00012207, 7.69666 )

[node name="hovercraft" parent="." instance=ExtResource( 5 )]
transform = Transform( 1, 0, 0, 0, 1, 0, 0, 0, 1, -3846.16, 63.4074, -2545.23 )
kill_box = NodePath("../Killzone")

[node name="hovercraft2" parent="." instance=ExtResource( 5 )]
transform = Transform( 1, 0, 0, 0, 1, 0, 0, 0, 1, -12.101, -20.1079, -6.92342 )
kill_box = NodePath(".")

[node name="Killzone" type="Area" parent="."]
transform = Transform( 1, 0, 0, 0, 1, 0, 0, 0, 1, -3484.91, 54.9733, -2113.84 )

[node name="CollisionShape" type="CollisionShape" parent="Killzone"]
transform = Transform( 1, 0, 0, 0, 1, 0, 0, 0, 1, -305.303, 0, 0 )
shape = SubResource( 1 )

[node name="pipes1" type="Path" parent="."]
transform = Transform( 1, 0, 0, 0, 1, 0, 0, 0, 1, -2239.03, -19.6314, -108.607 )
curve = SubResource( 2 )
script = ExtResource( 8 )
stay_vertical = false
template_mesh = ExtResource( 9 )
template_transform = Transform( 8, 0, 0, 0, 8, 0, 0, 0, 8, 0, 0, 0 )

[node name="AutoRoad" type="Path" parent="pipes1"]
transform = Transform( -0.983738, 0, -0.179609, 0, 1, 0, 0.179609, 0, -0.983738, 292.689, -14.9513, -27.0497 )
curve = SubResource( 8 )
script = ExtResource( 8 )
stay_vertical = false
template_mesh = ExtResource( 9 )
template_transform = Transform( 8, 0, 0, 0, 8, 0, 0, 0, 8, 0, 0, 0 )

[node name="pipes2" type="Path" parent="."]
transform = Transform( 1, 0, 0, 0, 1, 0, 0, 0, 1, -2206.5, 7.58154, -87.2757 )
curve = SubResource( 3 )
script = ExtResource( 8 )
stay_vertical = false
template_mesh = ExtResource( 9 )
template_transform = Transform( 3, 0, 0, 0, 3, 0, 0, 0, 3, 0, 0, 0 )

[node name="pipes3" type="Path" parent="pipes2"]
transform = Transform( 1, 0, 0, 0, 1, 0, 0, 0, 1, -7.76563, 6.32697, 0 )
curve = SubResource( 3 )
script = ExtResource( 8 )
stay_vertical = false
template_mesh = ExtResource( 10 )
template_transform = Transform( 0.5, 0, 0, 0, 0.5, 0, 0, 0, 0.5, 0, 0, 0 )

[node name="MeshInstance11" type="MeshInstance" parent="."]
transform = Transform( 0.247084, 0.968994, 0, -0.968994, 0.247084, 0, 0, 0, 1, -2216.72, -6.93268, 362.395 )
mesh = SubResource( 4 )
material/0 = null

[node name="StaticBody" type="StaticBody" parent="MeshInstance11"]
collision_layer = 5

[node name="CollisionShape2" type="CollisionShape" parent="MeshInstance11/StaticBody"]
shape = SubResource( 5 )

[node name="MeshInstance" type="MeshInstance" parent="."]
transform = Transform( 0.828442, 0.470364, -0.304044, -0.473389, 0.878171, 0.0686889, 0.299311, 0.0870264, 0.950178, -1319.2, 88.4868, 0 )
mesh = SubResource( 6 )
material/0 = null

[node name="StaticBody" type="StaticBody" parent="MeshInstance"]
collision_layer = 5

[node name="CollisionShape" type="CollisionShape" parent="MeshInstance/StaticBody"]
shape = SubResource( 7 )

[node name="MeshInstance8" type="MeshInstance" parent="."]
transform = Transform( -0.0146388, 0.970708, -0.239816, 0.999683, 0.00930037, -0.023377, -0.0204619, -0.240083, -0.970536, -1902.73, 156.039, 1558.92 )
mesh = SubResource( 6 )
material/0 = null

[node name="StaticBody" type="StaticBody" parent="MeshInstance8"]
collision_layer = 5

[node name="CollisionShape" type="CollisionShape" parent="MeshInstance8/StaticBody"]
shape = SubResource( 7 )

[node name="MeshInstance9" type="MeshInstance" parent="."]
transform = Transform( 0.994971, -0.0801743, 0.0600458, -0.0631501, -0.036759, 0.997326, -0.0777528, -0.996103, -0.0416372, -1506.64, 169.931, 2462.86 )
mesh = SubResource( 6 )
material/0 = null

[node name="StaticBody" type="StaticBody" parent="MeshInstance9"]
collision_layer = 5

[node name="CollisionShape" type="CollisionShape" parent="MeshInstance9/StaticBody"]
shape = SubResource( 7 )

[node name="MeshInstance10" type="MeshInstance" parent="."]
transform = Transform( 0.534844, 0.831511, -0.150106, 0.837296, -0.545427, -0.038008, -0.113476, -0.105355, -0.987938, -2213.6, 117.261, 1035.61 )
mesh = SubResource( 6 )
material/0 = null

[node name="StaticBody" type="StaticBody" parent="MeshInstance10"]
collision_layer = 5

[node name="CollisionShape" type="CollisionShape" parent="MeshInstance10/StaticBody"]
shape = SubResource( 7 )

[node name="MeshInstance3" type="MeshInstance" parent="."]
transform = Transform( -0.583881, 0.804317, 0.110259, -0.810358, -0.585617, -0.0193371, 0.0490156, -0.10064, 0.993714, -1217.74, 121.778, -646.14 )
mesh = SubResource( 6 )
material/0 = null

[node name="StaticBody" type="StaticBody" parent="MeshInstance3"]
collision_layer = 5

[node name="CollisionShape" type="CollisionShape" parent="MeshInstance3/StaticBody"]
shape = SubResource( 7 )

[node name="MeshInstance2" type="MeshInstance" parent="."]
transform = Transform( 0.257585, 0.719071, -0.645436, -0.94367, 0.330791, -0.00807694, 0.207697, 0.611159, 0.763772, -1034.58, 28.3521, -1966.16 )
mesh = SubResource( 6 )
material/0 = null

[node name="StaticBody" type="StaticBody" parent="MeshInstance2"]
collision_layer = 5

[node name="CollisionShape" type="CollisionShape" parent="MeshInstance2/StaticBody"]
shape = SubResource( 7 )

[node name="MeshInstance5" type="MeshInstance" parent="."]
transform = Transform( 0.204983, 0.972706, -0.108745, 0.156453, -0.142238, -0.97739, -0.966181, 0.183335, -0.181339, -804.746, 382.721, -2414.08 )
mesh = SubResource( 6 )
material/0 = null

[node name="StaticBody" type="StaticBody" parent="MeshInstance5"]
collision_layer = 5

[node name="CollisionShape" type="CollisionShape" parent="MeshInstance5/StaticBody"]
shape = SubResource( 7 )

[node name="MeshInstance12" type="MeshInstance" parent="."]
transform = Transform( 0.75409, 0.656707, -0.00919152, -0.029156, 0.0194926, -0.999385, -0.656124, 0.753894, 0.0338457, -804.746, 382.721, -1652.32 )
mesh = SubResource( 6 )
material/0 = null

[node name="StaticBody" type="StaticBody" parent="MeshInstance12"]
collision_layer = 5

[node name="CollisionShape" type="CollisionShape" parent="MeshInstance12/StaticBody"]
shape = SubResource( 7 )

[node name="MeshInstance13" type="MeshInstance" parent="."]
transform = Transform( 0.586916, -0.80898, -0.032901, -0.029156, 0.0194926, -0.999385, 0.809124, 0.587514, -0.0121466, -698.607, 382.721, -1452.45 )
mesh = SubResource( 6 )
material/0 = null

[node name="StaticBody" type="StaticBody" parent="MeshInstance13"]
collision_layer = 5

[node name="CollisionShape" type="CollisionShape" parent="MeshInstance13/StaticBody"]
shape = SubResource( 7 )

[node name="MeshInstance14" type="MeshInstance" parent="."]
transform = Transform( 0.586916, -0.80898, -0.032901, -0.029156, 0.0194926, -0.999385, 0.809124, 0.587514, -0.0121466, -713.679, 1174.62, -1499.76 )
mesh = SubResource( 6 )
material/0 = null

[node name="StaticBody" type="StaticBody" parent="MeshInstance14"]
collision_layer = 5

[node name="CollisionShape" type="CollisionShape" parent="MeshInstance14/StaticBody"]
shape = SubResource( 7 )

[node name="MeshInstance15" type="MeshInstance" parent="."]
transform = Transform( 0.998928, 0.0365613, -0.0284297, -0.029156, 0.0194926, -0.999385, -0.0359848, 0.999141, 0.020537, -713.678, 319.735, 1590.39 )
mesh = SubResource( 6 )
material/0 = null

[node name="StaticBody" type="StaticBody" parent="MeshInstance15"]
collision_layer = 5

[node name="CollisionShape" type="CollisionShape" parent="MeshInstance15/StaticBody"]
shape = SubResource( 7 )

[node name="MeshInstance6" type="MeshInstance" parent="."]
transform = Transform( 0.00476909, -0.139927, -0.990151, -0.999629, 0.0259089, -0.00847616, 0.0268398, 0.989823, -0.139751, -265.774, 140.382, -2284.54 )
mesh = SubResource( 6 )
material/0 = null

[node name="StaticBody" type="StaticBody" parent="MeshInstance6"]
collision_layer = 5

[node name="CollisionShape" type="CollisionShape" parent="MeshInstance6/StaticBody"]
shape = SubResource( 7 )

[node name="MeshInstance7" type="MeshInstance" parent="."]
transform = Transform( 0.117092, -0.876446, -0.467047, -0.968446, 0.00341491, -0.249204, 0.220008, 0.481489, -0.848389, 391.609, 225.59, -1847.8 )
mesh = SubResource( 6 )
material/0 = null

[node name="StaticBody" type="StaticBody" parent="MeshInstance7"]
collision_layer = 5

[node name="CollisionShape" type="CollisionShape" parent="MeshInstance7/StaticBody"]
shape = SubResource( 7 )

[node name="MeshInstance4" type="MeshInstance" parent="."]
transform = Transform( 0.766437, 0.620277, 0.166829, -0.634959, 0.770861, 0.0510029, -0.0969658, -0.14502, 0.984666, -1227.88, 70.1992, -1301.29 )
mesh = SubResource( 6 )
material/0 = null

[node name="StaticBody" type="StaticBody" parent="MeshInstance4"]
collision_layer = 5

[node name="CollisionShape" type="CollisionShape" parent="MeshInstance4/StaticBody"]
shape = SubResource( 7 )
