[gd_scene load_steps=7 format=2]

[ext_resource path="res://assets/models-export/env/canals/act1_main_level.glb" type="PackedScene" id=1]
[ext_resource path="res://characters/sonic.tscn" type="PackedScene" id=2]
[ext_resource path="res://assets/models-export/env/canals/basin1.glb" type="PackedScene" id=3]
[ext_resource path="res://scripts/env/road_gen.gd" type="Script" id=4]
[ext_resource path="res://assets/models-export/env/template_tunnel_small.tres" type="ArrayMesh" id=5]

[sub_resource type="Curve3D" id=1]
_data = {
"points": PoolVector3Array( 40.5403, -0.254852, 0.361969, -40.5403, 0.254852, -0.361969, 2.51336, 1.79608, 2.07526, -24.5951, 16.5281, -16.107, 24.5951, -16.5281, 16.107, -32.9356, -52.7815, 69.0322, -11.1828, 4.11984, -31.2079, 11.1828, -4.11984, 31.2079, -37.0867, -261.824, 138.445, 0, 0, 0, 0, 0, 0, 37.0079, -276.187, 159.182, 3.80261, -37.1584, 0.187927, -3.80261, 37.1584, -0.187927, 108.954, -243.273, 162.547 ),
"tilts": PoolRealArray( 0, 0, 0, 0, 0 )
}

[node name="wpact1" type="Spatial"]

[node name="sonic" parent="." instance=ExtResource( 2 )]
transform = Transform( 1, 0, 0, 0, 1, 0, 0, 0, 1, 10.769, -18.8837, -230.795 )

[node name="act1_main_level" parent="." instance=ExtResource( 1 )]

[node name="basin1" parent="act1_main_level" instance=ExtResource( 3 )]

[node name="basin2" parent="act1_main_level" instance=ExtResource( 3 )]
transform = Transform( -0.766044, 0, 0.642788, 0, 1, 0, -0.642788, 0, -0.766044, 0, 0, -200 )

[node name="basin3" parent="act1_main_level" instance=ExtResource( 3 )]
transform = Transform( 0.965926, 0, -0.258819, 0, 1, 0, 0.258819, 0, 0.965926, 0, 0, -100 )

[node name="basin4" parent="act1_main_level" instance=ExtResource( 3 )]
transform = Transform( 0.565528, 0, 0.824729, 0, 1, 0, -0.824729, 0, 0.565528, 0, 0, 100 )

[node name="basin5" parent="act1_main_level" instance=ExtResource( 3 )]
transform = Transform( -0.517191, 0, 0.85587, 0, 1, 0, -0.85587, 0, -0.517191, 0, 0, 200 )

[node name="AutoRoad" type="Path" parent="act1_main_level"]
transform = Transform( 1, 0, 0, 0, 1, 0, 0, 0, 1, -70.0079, 297.687, 371.918 )
curve = SubResource( 1 )
script = ExtResource( 4 )
stay_vertical = false
template_mesh = ExtResource( 5 )
template_transform = Transform( 1.7, 0, 0, 0, 1.7, 0, 0, 0, 2, 0, 0, 0 )
