[gd_scene load_steps=10 format=2]

[ext_resource path="res://scenes/components/act2_test.tscn" type="PackedScene" id=1]
[ext_resource path="res://scenes/transition_wpact12.tscn" type="PackedScene" id=2]
[ext_resource path="res://characters/sonic.tscn" type="PackedScene" id=3]
[ext_resource path="res://characters/badniks/motorbike.tscn" type="PackedScene" id=4]
[ext_resource path="res://characters/badniks/hovercraft.tscn" type="PackedScene" id=5]
[ext_resource path="res://scripts/env/scene_properties.gd" type="Script" id=6]

[sub_resource type="BoxShape" id=1]
extents = Vector3( 1368.89, 518.357, 1785.62 )

[sub_resource type="CubeMesh" id=2]
size = Vector3( 350, 200, 890 )

[sub_resource type="BoxShape" id=3]
extents = Vector3( 175, 100, 445 )

[node name="wpact2" type="Spatial"]
transform = Transform( 1, 0, 0, 0, 1, 0, 0, 0, 1, 0, 421.238, 0 )
script = ExtResource( 6 )
zone_name = "Water Processing Zone"
act = 2

[node name="player_spawn" parent="." instance=ExtResource( 2 )]
transform = Transform( -4.37114e-08, 0, -1, 0, 1, 0, 1, 0, -4.37114e-08, 421.108, -425.63, -14.7 )

[node name="act2_test" parent="." instance=ExtResource( 1 )]

[node name="sonic" parent="." instance=ExtResource( 3 )]
transform = Transform( -4.37114e-08, 0, -1, 0, 1, 0, 1, 0, -4.37114e-08, 38.3904, -43.9878, -11.0628 )

[node name="DirectionalLight" type="DirectionalLight" parent="."]
transform = Transform( 1, 0, 0, 0, -0.844739, 0.535178, 0, -0.535178, -0.844739, 0, 0, 0 )
light_color = Color( 1, 0.929412, 0.87451, 1 )
light_energy = 0.5
shadow_enabled = true

[node name="motorbike" parent="." instance=ExtResource( 4 )]
transform = Transform( -4.37114e-08, 0, 1, 0, 1, 0, -1, 0, -4.37114e-08, -452.806, -19.8725, -145.362 )

[node name="Killzone" type="Area" parent="."]
transform = Transform( 1, 0, 0, 0, 1, 0, 0, 0, 1, -3484.91, 54.9733, -2113.84 )

[node name="CollisionShape" type="CollisionShape" parent="Killzone"]
transform = Transform( 1, 0, 0, 0, 1, 0, 0, 0, 1, -305.303, 0, 0 )
shape = SubResource( 1 )

[node name="hovercraft" parent="." instance=ExtResource( 5 )]
transform = Transform( 1, 0, 0, 0, 1, 0, 0, 0, 1, -3997.43, 217.379, -1970.7 )
acceleration = 80.0
pivot_acceleration = 40.0
torque_to_player = 15.0
torque_to_reorient = 15.0
kill_box = NodePath("../Killzone")

[node name="MeshInstance" type="MeshInstance" parent="."]
transform = Transform( 0.828442, 0.470364, -0.304044, -0.473389, 0.878171, 0.0686889, 0.299311, 0.0870264, 0.950178, -1319.2, 88.4868, 0 )
mesh = SubResource( 2 )
material/0 = null

[node name="StaticBody" type="StaticBody" parent="MeshInstance"]

[node name="CollisionShape" type="CollisionShape" parent="MeshInstance/StaticBody"]
shape = SubResource( 3 )

[node name="MeshInstance2" type="MeshInstance" parent="."]
transform = Transform( 0.766437, 0.620277, 0.166829, -0.634959, 0.770861, 0.0510029, -0.0969658, -0.14502, 0.984666, -1177.43, 26.4978, -1003.18 )
mesh = SubResource( 2 )
material/0 = null

[node name="StaticBody" type="StaticBody" parent="MeshInstance2"]

[node name="CollisionShape" type="CollisionShape" parent="MeshInstance2/StaticBody"]
shape = SubResource( 3 )
